357
374
25
19
33
310
174
335
263
168
201
133
392
447
162
334
44
14
351
291
324
484
70
293
377
427
138
428
148
369
144
34
116
109
212
232
326
153
85
151
33
238
342
205
253
374
185
342
295
353
242
54
357
219
148
44
288
14
381
7
82
37
450
278
93
98
227
444
374
418
84
335
343
462
42
418
34
176
161
148
335
356
262
420
93
132
2
469
431
255
68
295
197
60
2
365
133
323
193
442
146
431
460
452
361
227
394
489
39
151
165
469
319
215
492
271
308
43
165
212
215
128
125
383
422
243
322
490
288
158
290
237
370
291
353
118
361
227
187
88
8
64
255
309
350
415
409
443
134
171
460
379
297
317
431
190
412
56
312
71
459
82
345
305
59
123
377
123
270
239
95
285
185
124
35
89
386
73
198
264
326
142
129
468
356
318
246
496
194
404
293
274
166
16
171
107
291
476
374
250
478
199
404
298
446
138
273
406
331
161
420
261
395
309
472
67
12
229
58
297
172
218
140
194
314
275
487
438
35
186
176
146
100
428
105
485
309
114
66
455
264
435
493
217
407
263
188
369
381
140
246
359
54
356
29
371
497
54
123
213
205
496
310
177
141
159
29
495
271
263
207
174
233
336
228
435
93
228
330
370
107
424
185
474
257
459
364
236
105
170
493
382
220
415
99
261
14
438
250
293
479
114
303
381
372
194
105
162
434
190
258
298
35
84
13
497
238
301
301
117
249
384
216
454
80
247
258
385
30
230
4
106
252
188
276
127
308
440
271
292
467
160
426
10
202
215
440
491
455
168
409
11
147
210
421
380
2
57
50
73
306
225
461
236
409
253
286
361
460
112
394
401
261
79
15
210
318
302
432
70
162
202
35
333
9
327
236
363
292
214
410
167
363
254
49
381
230
450
219
222
265
373
495
259
382
123
175
300
74
498
313
387
484
40
362
24
399
218
169
236
440
396
29
71
24
361
122
447
380
224
459
439
360
152
267
277
300
450
419
40
195
159
20
16
252
315
16
1
342
151
150
460
386
323
119
184
310
420
486
450
247
466
311
306
29
167
475
357
368
439
215
419
293
255
36
223
121
133
393
98
117
285
472
118
148
111
13
332
198
315
108
335
365
432
258
454
205
302
303
327
